version https://git-lfs.github.com/spec/v1
oid sha256:f9d364ec4106b527ad994f47c4c89d057a8f68ca6ab55ee38be666381c8fae09
size 3217
